31615
31620
31619
31614
31618
31614
31619
31619
31622
31615
31617
31613
31620
31615
31618
31617
31620
31618
31615
31613
31618
31615
31614
31616
31621
31617
31615
31614
31615
31617
31614
31616
31613
31621
31616
31617
31615
31619
31618
31614
31621
31614
31622
31613
31614
31617
31620
31613
31614
31616
31616
31621
31615
31615
31616
31620
31614
31614
31614
31613
31615
31616
31613
31614
31616
31613
31617
31616
31616
31613
31617
31621
31613
31618
31617
31616
31616
31614
31619
31620
31613
31614
31618
31613
31614
31616
31614
31614
31615
31614
31613
31615
31615
31620
31613
31616
31619
31615
31616
31616